GRT_LABELLED_TIME_SERIES_CLASSIFICATION_DATA_FILE_V1.0
DatasetName: NOT_SET
InfoText: 
NumDimensions: 6
TotalNumTrainingExamples: 24
NumberOfClasses: 1
ClassIDsAndCounters: 
1	24
UseExternalRanges: 0
LabelledTimeSeriesTrainingData:
************TIME_SERIES************
ClassID: 3
TimeSeriesLength: 45
TimeSeriesData: 
-100.382	231.584	1130.12	234.384	238.788	1148.74
-99.1721	230.981	1130.28	236.571	237.554	1147.73
-98.8077	230.788	1130.37	236.571	237.554	1147.73
-98.231	230.459	1130.62	236.571	237.554	1147.73
-97.7041	230.198	1130.93	236.571	237.554	1147.73
-97.2428	229.999	1131.27	236.571	237.554	1147.73
-97.2428	229.999	1131.27	236.571	237.554	1147.73
-97.2428	229.999	1131.27	236.571	237.554	1147.73
-97.2428	229.999	1131.27	236.571	237.554	1147.73
-97.2428	229.999	1131.27	236.571	237.554	1147.73
-97.2428	229.999	1131.27	236.571	237.554	1147.73
-96.7793	230.451	1131.87	236.571	237.554	1147.73
-92.3868	235.138	1135.39	236.571	237.554	1147.73
-76.9983	250.79	1141.89	236.571	237.554	1147.73
-53.3517	273.181	1149.82	247.698	244.58	1155.18
-22.3601	297.995	1159.61	264.923	251.751	1163.71
22.8561	320.003	1172.21	290.17	255.029	1174.17
73.0839	332.938	1183.94	319.714	252.621	1185.5
134.065	329.987	1192.73	356.562	233.698	1195.69
180.742	313.707	1195.95	384.846	205.338	1199.57
222.88	277.665	1190.26	408.332	151.497	1192.38
246.617	237.338	1178.87	416.629	103.31	1179.33
259.02	190.941	1161.24	417.18	55.4542	1161.88
254.707	145.127	1136.85	404.822	12.4183	1137.95
237.734	104.249	1108.72	384.245	-26.8572	1110
193.162	64.4191	1069.43	342.423	-65.7641	1070.68
139.658	42.1276	1037.97	300.702	-84.0886	1041.19
76.3585	28.0255	1010.41	249.212	-93.8013	1013.69
6.7972	23.7563	994.729	185.114	-98.2274	996.216
-58.3982	24.5896	988.757	119.047	-100.875	986.603
-125.606	28.4077	993.705	45.7324	-101.667	985.234
-164.849	31.1749	1004.18	-0.168476	-99.0567	989.535
-196.075	33.4672	1016.57	-39.5313	-94.6952	996.831
-219.189	36.1418	1027.25	-65.8453	-88.5558	1005.19
-237.936	40.0106	1036.26	-88.1726	-79.8359	1014.31
-253.923	45.2536	1044.06	-106.329	-71.7012	1023.13
-272.47	48.9359	1050.31	-119.287	-66.5873	1029.33
-276.526	50.2809	1051.9	-119.287	-66.5873	1029.33
-276.893	50.4312	1052.06	-119.287	-66.5873	1029.33
-296.677	49.9145	1059.65	-121.488	-73.3735	1030.46
-299.143	49.6127	1060.51	-121.488	-73.3735	1030.46
-299.143	49.6127	1060.51	-121.488	-73.3735	1030.46
-299.143	49.6127	1060.51	-121.562	-73.764	1030.54
-310.322	45.0883	1066.97	-121.835	-75.4177	1030.83
-310.945	44.7708	1067.35	-121.956	-76.5327	1030.99
************TIME_SERIES************
ClassID: 3
TimeSeriesLength: 50
TimeSeriesData: 
-71.9354	326.037	1160.78	166.162	349.785	1175.93
-71.9354	326.037	1160.78	168.931	349.351	1176.09
-71.9354	326.037	1160.78	168.931	349.351	1176.09
-71.9354	326.037	1160.78	168.931	349.351	1176.09
-71.9354	326.037	1160.78	168.931	349.351	1176.09
-71.9354	326.037	1160.78	168.931	349.351	1176.09
-71.9354	326.037	1160.78	170.518	349.574	1175.3
-69.8103	326.454	1160.03	175.372	350.077	1173.53
-61.7293	328.887	1158.17	183.304	350.615	1172.12
-47.5143	334.756	1157.26	196.295	351.365	1172.62
-18.4586	345.696	1159.42	221.103	349.545	1176.96
17.4267	355.148	1163.16	251.746	344.432	1184.53
71.7426	357.524	1167.66	296.751	325.006	1193.52
120.72	350.774	1171.1	332.991	301.156	1198.72
177.73	325.051	1172.41	373.215	252.944	1197.17
219.111	292.785	1171.62	396.871	206.543	1190.22
252.627	251.002	1166.43	413.956	152.411	1179.19
271.211	203.352	1155.54	417.6	95.6175	1164.35
280.452	150.991	1140.64	413.769	41.1242	1148.77
275.444	90.9028	1117.9	396.11	-21.7523	1126.64
260.932	48.5652	1098.12	374.205	-62.7844	1108.36
237.373	14.3611	1077.19	346.276	-99.0212	1088.81
204.085	-3.17418	1058.27	313.387	-120.958	1071.21
163.949	-11.8276	1040.58	275.209	-133.757	1054.26
104.02	-13.577	1021.75	217.407	-138.943	1035.72
54.7193	-11.6587	1011.43	166.124	-134.962	1024.99
3.47564	-6.21622	1004.22	114.393	-129.001	1018.61
-41.9744	3.10896	1003.41	67.7181	-122.915	1018.47
-102.463	16.1009	1010.15	-11.2387	-107.99	1026.36
-156.311	27.0642	1020.16	-30.0155	-100.733	1029.56
-193.519	31.7735	1029.6	-41.7707	-94.4775	1031.47
-209.447	31.1887	1035.24	-43.0276	-93.7561	1031.53
-221.735	28.0809	1040.34	-43.0276	-93.7561	1031.53
-231.463	22.5028	1044.82	-43.0276	-93.7561	1031.53
-235.823	18.7192	1046.76	-43.0276	-93.7561	1031.53
-237.862	16.3629	1047.67	-45.2869	-96.1014	1030.74
-237.862	16.3629	1047.67	-45.7253	-96.6076	1030.59
-237.862	16.3629	1047.67	-45.7253	-96.6076	1030.59
-237.862	16.3629	1047.67	-45.7253	-96.6076	1030.59
-237.862	16.3629	1047.67	-45.7253	-96.6076	1030.59
-237.862	16.3629	1047.67	-45.7253	-96.6076	1030.59
-237.862	16.3629	1047.67	-45.7253	-96.6076	1030.59
-237.862	16.3629	1047.67	-45.7253	-96.6076	1030.59
-237.862	16.3629	1047.67	-45.7253	-96.6076	1030.59
-237.862	16.3629	1047.67	-45.7253	-96.6076	1030.59
-237.862	16.3629	1047.67	-45.7253	-96.6076	1030.59
-237.862	16.3629	1047.67	-45.7253	-96.6076	1030.59
-237.862	16.3629	1047.67	-45.7253	-96.6076	1030.59
-237.862	16.3629	1047.67	-45.7253	-96.6076	1030.59
-237.862	16.3629	1047.67	-45.7253	-96.6076	1030.59
************TIME_SERIES************
ClassID: 3
TimeSeriesLength: 39
TimeSeriesData: 
-56.417	332.592	1153.92	139.171	339.898	1168.72
-34.4308	341.086	1155.42	152.208	348.659	1174.35
-17.6141	346.55	1156.77	161.306	353.516	1177.63
-8.2834	349.77	1158.39	166.646	355.821	1179.36
-1.72279	352.021	1160.07	169.91	356.99	1180.27
3.97519	353.94	1161.88	173.704	358.089	1181.21
8.64493	355.147	1163.19	178.423	358.746	1181.98
13.2441	355.973	1164.08	186.169	359.244	1183.03
25.2184	357.985	1165.81	203.084	359.279	1185.57
42.0936	361.514	1168.58	223.798	359.756	1190.29
67.4746	366.691	1174.17	250.164	358.936	1197.72
106.945	368.087	1183.48	288.138	344.13	1206.03
168.964	348.927	1192.94	369.111	265.35	1214.01
233.78	296.338	1192.06	406.28	142.39	1199.71
271.508	226.289	1175.14	397.31	40.3757	1174.31
268.64	158.012	1143.38	376.658	-4.72751	1154.15
245.161	109.973	1111.41	348.857	-46.1746	1130.83
204.955	67.4959	1077.16	307.145	-87.2385	1101.12
166.796	37.5833	1053.1	272.344	-108.445	1079.25
124.048	12.6206	1032.6	232.385	-122.662	1058.24
74.0612	-2.20921	1018.26	182.238	-127.493	1042.08
22.8435	-8.31852	1008.47	125.283	-127.732	1031.31
-26.284	-6.86991	1002.7	68.6073	-125.136	1026.13
-65.3573	3.17906	1003.28	24.6227	-119.535	1027.19
-110.867	20.7238	1009.47	-42.7117	-101.653	1034.33
-162.727	35.9734	1017.83	-73.7154	-86.6368	1039.47
-198.417	44.2613	1025.26	-79.1475	-84.992	1040.76
-217.324	46.6072	1029.14	-81.7828	-84.5401	1041.52
-222.483	47.7248	1030.84	-81.7968	-84.5409	1041.52
-224.799	48.217	1031.79	-81.7968	-84.5409	1041.52
-226.162	48.3208	1032.48	-81.7968	-84.5409	1041.52
-226.162	48.3208	1032.48	-81.7968	-84.5409	1041.52
-226.162	48.3208	1032.48	-83.3267	-88.7301	1041.84
-226.162	48.3208	1032.48	-84.0077	-92.4922	1042.04
-226.162	48.3208	1032.48	-84.1881	-94.9812	1042.11
-226.162	48.3208	1032.48	-84.0408	-96.4704	1042.17
-226.162	48.3208	1032.48	-84.0408	-96.4704	1042.17
-226.162	48.3208	1032.48	-84.0408	-96.4704	1042.17
-226.162	48.3208	1032.48	-84.0408	-96.4704	1042.17
************TIME_SERIES************
ClassID: 3
TimeSeriesLength: 32
TimeSeriesData: 
-72.329	351.066	1158.43	121.79	362.339	1154.54
-62.3304	358.432	1161.26	122.134	371.694	1159.72
-58.1713	360.878	1161.99	122.134	371.694	1159.72
-53.2037	363.249	1162.07	122.134	371.694	1159.72
-45.6951	346.669	1152.43	147.882	383.958	1172.68
-28.9538	328.756	1138.87	184.754	390.54	1183.53
2.44623	329.148	1133.09	230.301	391.676	1193.08
83.711	361.012	1141.47	344.454	354.089	1208.71
156.669	371.976	1155.22	391.039	317.831	1212.8
230.584	333.239	1161.8	424.057	265.186	1213.78
277.69	287.37	1168.12	445.532	202.337	1210.87
308.246	217.277	1165.54	453.206	121.436	1201.36
316.474	156.844	1156.94	446.45	58.9584	1188.82
306.678	89.672	1139.04	422.861	-11.4592	1166.97
287.761	46.344	1121.74	395.884	-58.452	1145.64
259.939	12.6407	1101.99	363.294	-97.8937	1121.64
217.741	-6.2571	1078.66	326.832	-119.59	1097.83
168.315	-16.0159	1054.7	286.004	-130.438	1074.19
115.634	-20.9575	1032.56	236.723	-133.977	1050.96
60.5745	-22.8576	1016.75	176.897	-131.502	1033.47
3.53916	-22.8587	1005.62	114.46	-129.554	1021.13
-61.2695	-18.5341	1000.84	46.3667	-125.253	1014.13
-102.895	-12.181	1003.65	1.69198	-119.173	1013.28
-144.78	-3.17921	1009.96	-40.806	-108.555	1015.54
-170.139	2.59054	1014.79	-64.8282	-98.6241	1018.01
-191.798	7.10832	1018.74	-82.4139	-89.7679	1020.72
-204.967	8.91445	1021.39	-88.4495	-87.3095	1021.92
-218.368	8.82338	1024.06	-90.8091	-86.8279	1022.46
-240.467	2.85332	1027.43	-90.8091	-86.8279	1022.46
-241.232	2.57483	1027.55	-90.8091	-86.8279	1022.46
-241.232	2.57483	1027.55	-90.8091	-86.8279	1022.46
-241.232	2.57483	1027.55	-90.8091	-86.8279	1022.46
************TIME_SERIES************
ClassID: 3
TimeSeriesLength: 40
TimeSeriesData: 
-34.5562	351.558	1153.22	130.746	369.595	1153
-33.7569	348.075	1151.05	130.746	369.595	1153
-37.2439	311.453	1130.7	130.746	369.595	1153
-44.1272	273.493	1110.03	141.661	379.588	1157.09
-44.1272	273.493	1110.03	179.423	391.469	1170.18
-23.8808	276.879	1106.15	223.576	397.875	1186.09
35.0571	306.829	1117.16	284.387	391.881	1206.48
98.7153	341.325	1142.53	333.741	376.358	1221.71
164.1	365.412	1171.34	378.342	349.435	1233.23
212.81	347.66	1189.59	413.519	307.748	1240.12
253.096	300.842	1198.49	441.701	256.006	1242.78
282.293	226.357	1198.29	465.733	176.423	1236.73
292.056	164.673	1192.45	476.082	106.525	1224.35
293.085	107.106	1183.11	476.582	30.1261	1205.01
283.623	63.1498	1168.52	461.052	-37.7608	1182.24
267.239	25.9469	1149.91	434.81	-99.8246	1156.8
235.757	-5.93498	1121.87	392.577	-152.437	1125.52
205.287	-21.3296	1099.12	353.028	-178.213	1099.04
170.676	-30.3569	1077.16	310.721	-191.637	1071.61
122.732	-35.7569	1053.1	262.729	-187.696	1045.91
68.4711	-38.8079	1030.18	208.344	-176.438	1023.91
-2.01264	-38.2568	1007.36	140.435	-157.169	1006.23
-51.8332	-34.0871	997.639	88.7971	-143.099	999.545
-97.3462	-27.5935	993.142	42.8908	-128.881	996.982
-133.171	-21.2296	995.089	7.90519	-117.8	997.799
-175.58	-18.1806	1001.73	-43.9005	-99.6717	1002.48
-206.856	-16.5532	1008.86	-54.7727	-96.4596	1004.17
-221.616	-16.4515	1013.18	-61.3974	-94.9721	1005.41
-221.616	-16.4515	1013.18	-63.3128	-94.6525	1005.78
-222.937	-16.6196	1013.79	-64.1476	-94.5608	1005.93
-225.452	-17.6357	1015.06	-64.1476	-94.5608	1005.93
-227.025	-18.6527	1015.91	-64.1476	-94.5608	1005.93
-228.157	-19.6426	1016.6	-64.1476	-94.5608	1005.93
-228.157	-19.6426	1016.6	-65.9872	-94.7693	1006.26
-228.157	-19.6426	1016.6	-67.9926	-94.9273	1006.66
-228.157	-19.6426	1016.6	-69.0794	-95.0967	1006.9
-228.157	-19.6426	1016.6	-69.1488	-95.1138	1006.91
-228.157	-19.6426	1016.6	-69.798	-95.3487	1007.08
-228.157	-19.6426	1016.6	-70.9304	-95.7599	1007.41
-228.343	-20.0162	1016.94	-72.2159	-96.1986	1007.81
************TIME_SERIES************
ClassID: 3
TimeSeriesLength: 36
TimeSeriesData: 
-64.012	372.711	1147.59	78.7586	386.533	1155.64
-50.1417	379.454	1147.26	85.1196	394.666	1158.24
-30.9707	389.037	1149.75	106.78	406.237	1164.37
5.65958	399.345	1158.34	150.3	414.44	1175.49
51.5303	403.097	1170.29	202.212	415.643	1188.18
116.049	392.095	1186.02	272.226	403.275	1205.74
169.086	371.763	1197.79	327.113	382.843	1220.02
218.285	338.581	1204.55	376.362	354.708	1232.86
257.977	289.779	1204.86	412.832	311.294	1239.74
288.87	229.518	1198.39	440.992	259.784	1243.57
310.959	153.228	1184.46	464.028	170.038	1237.55
318.842	88.2978	1167.56	471.164	89.2765	1225.26
318.176	27.0817	1148.99	467.246	0.800827	1205.19
304.623	-24.2979	1128.81	443.932	-71.89	1180.69
278.545	-65.4629	1105.89	410.06	-132.812	1154.41
232.486	-97.535	1077.12	358.3	-185.067	1121.69
187.375	-106.436	1055	314.626	-207.856	1097.03
139.031	-104.712	1035.98	267.154	-221.51	1072.07
88.4651	-92.301	1022.48	220.372	-222.276	1048.98
40.2427	-77.8473	1013.25	174.734	-218.594	1026.57
-11.7627	-59.4828	1007.84	119.318	-212.908	1001.02
-43.0136	-47.4281	1007.33	77.2941	-209.337	983.02
-75.8819	-36.3751	1008.54	28.5809	-202.321	967.143
-93.72	-30.7593	1009.77	-2.79638	-194.349	960.131
-113.583	-25.5935	1011.31	-41.5301	-178.424	957.988
-124.943	-22.9092	1012.23	-59.6231	-169.136	963.453
-136.093	-21.2949	1013.02	-59.946	-169.015	963.564
-140.161	-20.8509	1013.28	-59.946	-169.015	963.564
-140.799	-20.7757	1013.32	-59.946	-169.015	963.564
-140.799	-20.7757	1013.32	-59.946	-169.015	963.564
-140.799	-20.7757	1013.32	-59.946	-169.015	963.564
-140.799	-20.7757	1013.32	-59.946	-169.015	963.564
-140.799	-20.7757	1013.32	-59.946	-169.015	963.564
-140.799	-20.7757	1013.32	-59.946	-169.015	963.564
-140.799	-20.7757	1013.32	-59.946	-169.015	963.564
-140.799	-20.7757	1013.32	-59.946	-169.015	963.564
************TIME_SERIES************
ClassID: 3
TimeSeriesLength: 25
TimeSeriesData: 
-122.574	307.792	1150.03	77.6692	309.432	1125.36
-107.584	320.77	1160.14	70.3023	338.736	1139.96
-96.6917	326.48	1163.44	61.26	357.765	1148.99
-85.8302	330.566	1164.72	59.2049	361.926	1151.16
-56.6385	345.549	1169.81	69.7262	374.688	1161.46
-6.08164	367.169	1185.07	119.594	389.395	1182.77
56.1978	383.886	1203.93	190.567	396.969	1205.9
112.81	382.598	1218.98	247.357	391.984	1221.62
170.101	364.312	1228.1	302.302	365.958	1234.28
218.515	335.404	1227.94	350.766	325.708	1243.61
261.07	284.425	1217.02	397.919	257.228	1249.77
277.16	229.341	1194.63	423.603	194.013	1249.6
285.033	171.381	1172.4	440.734	125.009	1244.94
289.5	115.6	1159.13	440.233	55.4877	1230.47
295.338	61.341	1153.78	429.687	-10.5229	1211.37
290.114	3.01776	1143.36	400.648	-82.6905	1179.47
273.461	-35.7854	1126.89	369.229	-127.955	1150.32
246.379	-64.3476	1105.36	333.179	-164.026	1118.57
203.774	-78.5209	1079.65	295.134	-180.804	1089.62
152.312	-82.8257	1053.35	252.51	-186.214	1062.21
78.757	-77.5932	1023.26	186.718	-181.148	1034.56
21.5491	-67.7275	1006.32	128.787	-169.871	1018.83
-34.5745	-55.6954	994.44	71.8343	-157.571	1009.06
-79.8591	-47.8423	993.014	31.1427	-146.844	1005.21
-132.576	-50.3613	1000.92	-28.2138	-130.064	1003.18
************TIME_SERIES************
ClassID: 3
TimeSeriesLength: 40
TimeSeriesData: 
188.333	250.014	1161.36	-138.701	243.276	1150.46
188.333	250.014	1161.36	-138.701	243.276	1150.46
188.333	250.014	1161.36	-138.701	243.276	1150.46
188.333	250.014	1161.36	-138.701	243.276	1150.46
188.333	250.014	1161.36	-138.701	243.276	1150.46
188.333	250.014	1161.36	-138.701	243.276	1150.46
188.333	250.014	1161.36	-138.701	243.276	1150.46
188.333	250.014	1161.36	-138.636	243.441	1150.4
188.333	250.014	1161.36	-137.001	247.674	1149.5
188.333	250.014	1161.36	-134.315	254.286	1148.89
188.333	250.014	1161.36	-126.549	267.677	1149.74
189.982	255.625	1164.22	-115.413	282.366	1151.99
194.321	262.339	1167.84	-98.7576	298.998	1155.76
204.564	268.495	1172.5	-72.4713	316.754	1160.84
221.148	273.077	1178.78	-38.8967	333.179	1167.07
249.819	270.586	1187.05	10.8909	346.896	1174.37
277.012	261.981	1193.77	56.108	351.05	1179.01
305.603	244.469	1197.97	102.906	348.379	1181.8
331.334	215.121	1197.32	147.266	334.886	1181.15
352.343	178.915	1192.94	189.518	314.415	1179.01
369.407	128.192	1183.74	230.251	278.168	1170.84
375.988	86.9438	1174.46	254.403	242.16	1160.82
376.739	45.8326	1163.84	270.647	202.027	1147.84
370.512	7.86932	1151.94	273.889	161.582	1131.14
360.372	-27.5398	1139.55	269.535	121.04	1112.41
341.271	-68.53	1122.08	248.891	74.2459	1085.51
322.167	-96.2068	1107.07	225.73	42.676	1065.21
300.744	-119.875	1091.26	195.147	16.2621	1044.89
277.865	-135.019	1076.2	163.162	1.29538	1030.6
254.268	-144.418	1061.98	127.615	-7.59695	1019.14
214.568	-149.282	1044.75	76.2315	-10.3026	1008.41
179.352	-146.713	1033.67	31.0163	-6.85917	1003.01
141.773	-140.336	1024.84	-15.1277	0.910317	1000.77
109.883	-130.242	1021.17	-58.1805	11.5264	1004.15
79.4675	-118.853	1020.99	-98.2226	22.7968	1010.67
44.1623	-105.985	1025.36	-144.143	32.3884	1020.85
21.8078	-99.3278	1028.72	-174.892	37.0659	1030.21
0.738211	-96.2513	1032.39	-206.338	37.1004	1041.06
-8.9452	-95.3186	1032.62	-229.222	31.4056	1049.53
-16.0675	-95.5092	1032.36	-259.252	18.3324	1059.43
************TIME_SERIES************
ClassID: 3
TimeSeriesLength: 30
TimeSeriesData: 
60.978	345.126	1121.89	-108.598	359.176	1137.67
65.4164	349.064	1121.74	-105.123	359.924	1136.27
75.7789	354.946	1121.99	-100.024	361.562	1134.11
93.3404	361.325	1123.87	-90.5483	365.475	1130.66
124.713	365.678	1129.61	-68.3599	374.152	1126.56
162.717	366.197	1138.22	-38.0645	383.174	1124.84
202.683	361.064	1147.95	-0.746418	390.342	1125.73
242.451	345.256	1158.11	45.677	390.114	1129.75
280.158	319.686	1167.15	95.4456	382.086	1135.57
320.993	274.458	1174.24	154.875	357.554	1141.75
347.82	230.489	1176.36	200.219	327.155	1145.82
370.244	169.024	1173.89	243.49	279.953	1145.61
381.048	118.18	1169.34	269.949	237.237	1142.5
386.303	68.7441	1163.47	289.272	193.897	1137.23
383.527	22.6829	1155.89	297.346	154.271	1128.97
376.231	-19.044	1147.44	299.306	117.805	1119.42
360.112	-65.2356	1135.11	289.811	77.4382	1104.74
343.341	-95.0758	1124.03	275.95	49.6367	1092.96
323.06	-120.761	1111.78	255.736	24.2554	1080.31
301.39	-136.934	1099.8	227.633	4.06428	1067.25
278.466	-147.569	1087.79	192.748	-12.4698	1053.41
245.32	-152.035	1072.54	139.049	-26.3187	1035.3
215.231	-149.489	1060.48	92.7589	-32.4273	1022.07
184.526	-142.668	1049.79	44.0837	-35.069	1010.26
156.079	-134.501	1042.08	-5.42537	-35.4849	1002.99
113.137	-125.656	1035.29	-103.109	-34.534	1004.42
73.1619	-115.408	1030.64	-137.208	-38.2275	1013.31
29.5561	-108.203	1027	-185.858	-48.4664	1031.54
8.74369	-104.046	1025.18	-213.459	-52.8767	1043.33
-8.16249	-102.494	1023.47	-228.616	-54.6862	1050.48
************TIME_SERIES************
ClassID: 3
TimeSeriesLength: 41
TimeSeriesData: 
-134.647	225.4	1152.08	161.092	234.21	1159.35
-134.647	225.4	1152.08	159.411	235.967	1159.08
-134.647	225.4	1152.08	158.958	236.406	1159.02
-134.647	225.4	1152.08	158.013	237.256	1158.89
-135.109	226	1152.39	156.968	238.123	1158.74
-136.339	227.622	1153.28	154.717	239.903	1158.49
-137.074	228.566	1153.84	152.815	241.3	1158.29
-137.622	229.245	1154.25	150.861	242.494	1158.05
-138.416	230.377	1154.87	148.773	243.739	1157.73
-139.317	231.814	1155.53	147.096	244.771	1157.4
-140.133	233.727	1156.2	146.25	245.433	1157.11
-140.889	237.686	1157.22	145.691	246.139	1156.78
-139.344	247.345	1158.66	145.41	249.856	1154.94
-132.983	261.353	1160	150.216	259.231	1150.81
-121.763	277.086	1160.78	162.766	270.203	1146.26
-103.708	293.076	1160.23	185.392	277.822	1142.52
-80.2967	307.574	1158.96	213.625	280.324	1140.45
-42.0785	321.487	1158.52	253.216	273.247	1140.26
-3.57835	329.599	1160.37	287.375	261.559	1143.01
37.2043	331.684	1162.44	320.246	244.601	1147.5
79.2655	322.907	1161.83	348.556	217.279	1151.67
120.541	306.745	1159.57	370.611	182.375	1154
165.453	275.745	1154.09	388.122	129.955	1153.24
196.142	244.826	1148.89	394.631	87.6018	1150.71
220.864	209.316	1142.74	396.126	44.2919	1146.74
232.567	175.573	1134.93	391.563	3.94751	1141.42
236.594	142.998	1125.91	383.229	-34.5388	1135
228.87	108.136	1112.13	364.832	-76.8852	1124.32
216.267	85.0946	1100.84	345.593	-104.205	1113.98
196.87	63.9016	1087.93	322.992	-126.417	1102.35
170.69	44.8397	1074.38	297.105	-141.463	1089.73
141.691	28.3547	1061.74	269.092	-151.825	1076.51
96.0226	8.17677	1045.54	232.797	-156.153	1060.88
55.9327	-6.09826	1034.74	204.758	-152.834	1050.16
0.676479	-21.8307	1024.71	166.505	-145.128	1039.12
-39.8012	-30.3839	1021.78	135.016	-138.858	1032.49
-78.6239	-36.2776	1021.85	102.649	-134.343	1027.7
-131.893	-42.9929	1034.24	63.3945	-122.633	1026.78
-174.599	-45.9572	1048.24	32.1301	-110.144	1028.52
-208.382	-45.6878	1061.47	9.06435	-95.7942	1031.88
-208.382	-45.6878	1061.47	9.06435	-95.7942	1031.88
************TIME_SERIES************
ClassID: 3
TimeSeriesLength: 32
TimeSeriesData: 
-94.2269	322.402	1162.05	94.1404	324.22	1145.12
-90.9859	323.36	1159.86	96.7692	327.365	1144.4
-84.4492	324.854	1156.04	106.453	333.522	1143.37
-75.7452	327.627	1152.56	122.348	340.118	1143.95
-63.8928	332.15	1149.86	143.794	345.674	1146.84
-46.6599	337.66	1148.45	173.366	348.792	1153.63
-25.2706	342.606	1148.68	205.466	348.136	1162.54
10.4674	346.612	1151.04	249.914	338.312	1175.78
47.9163	347.898	1155.02	288.295	322.663	1187.26
89.2335	345.577	1159.86	324.546	301.184	1198.39
132.768	331.583	1163.52	356.413	261.505	1203.56
174.634	309.563	1165.41	381.408	213.069	1203.64
216.656	271.164	1161.89	406.025	142.605	1199.03
242.753	236.908	1156.31	419.786	89.0518	1194.89
260.549	199.267	1147.2	430.022	35.1152	1190.72
266.175	161.507	1135.74	431.407	-16.0152	1184.15
262.635	120.684	1121.39	427.753	-63.6442	1175.84
246.592	71.6378	1103.55	414.486	-115.666	1161.42
226.152	33.522	1089.33	399.912	-147.959	1147.78
200.127	-1.85768	1075.14	381.002	-175.551	1131.69
170.197	-29.2117	1062.7	359.174	-192.651	1115.44
136.926	-50.2953	1051.46	332.973	-204.016	1098.4
99.3926	-66.6205	1040.98	305.454	-208.525	1082.25
56.1106	-75.0526	1031.45	274.18	-203.752	1066.66
11.2697	-77.7994	1023.33	242.316	-193.003	1052.57
-42.9589	-76.5675	1019.09	201.99	-176.593	1038.47
-83.4973	-74.8405	1020.35	170.296	-162.242	1030.17
-122.518	-76.2379	1024.96	139.797	-148.074	1024.08
-151.705	-80.0719	1031.3	110.805	-135.448	1020.38
-175.5	-84.9994	1037.88	83.2115	-124.656	1018
-192.434	-84.6392	1043.06	49.4111	-105.693	1017.91
-198.338	-81.4471	1045.35	35.7848	-91.9803	1020.98
************TIME_SERIES************
ClassID: 3
TimeSeriesLength: 42
TimeSeriesData: 
186.817	268.887	1159.94	-128.123	283.848	1137.6
186.817	268.887	1159.94	-129.287	283.828	1137.89
186.817	268.887	1159.94	-129.769	283.79	1138
186.817	268.887	1159.94	-130.392	283.744	1138.15
186.817	268.887	1159.94	-130.392	283.744	1138.15
185.39	269.724	1158.82	-130.392	283.744	1138.15
183.715	270.664	1157.6	-130.392	283.744	1138.15
182.06	271.664	1156.54	-130.392	283.744	1138.15
180.264	272.849	1155.54	-130.392	283.744	1138.15
178.788	273.926	1154.77	-130.392	283.744	1138.15
177.558	275.054	1154.13	-130.392	283.744	1138.15
177.454	275.185	1154.07	-130.392	283.744	1138.15
177.454	275.185	1154.07	-128.287	292.983	1140.39
177.76	276.712	1153.57	-117.905	310.222	1144.62
184.976	283.645	1151.87	-95.2466	329.565	1148.94
200.411	290.688	1151.55	-69.2211	343.536	1151.84
222.235	294.016	1152.76	-38.4238	354.506	1154.25
250.402	290.833	1155.37	-1.59375	359.578	1155.99
281.402	281.257	1158.35	37.4051	358.485	1156.71
320.444	258.45	1160.9	85.8618	345.854	1153.56
349.758	234.365	1162.47	124.106	327.732	1148.5
376.069	205.314	1163.39	157.987	304.471	1141.35
395.237	172.543	1163.09	181.927	276.055	1132.67
408.939	135.373	1160.86	198.764	245.244	1123.73
416.253	86.0698	1154.46	207.163	206.653	1112.01
415.349	46.2837	1146.84	206.32	177.286	1102.68
409.993	8.85642	1138.21	199.381	149.478	1092.12
396.962	-26.8789	1126.72	185.466	119.308	1077.74
379.693	-58.1774	1114.39	168.005	90.0878	1062.08
352.238	-91.5384	1096.73	138.817	52.3646	1041.98
327.59	-110.587	1082.28	113.774	28.8366	1029.56
298.667	-124.948	1066.69	81.5033	6.99674	1017.3
266.324	-128.49	1052.24	42.3536	-6.95895	1007.09
231.916	-125.083	1039.32	-4.4074	-18.5025	998.209
187.148	-114.576	1026.8	-60.3039	-29.0059	994.312
150.191	-104.804	1019.59	-104.904	-37.0435	996.699
113.23	-94.8141	1014.87	-145.67	-43.1876	1002.85
79.5344	-87.2158	1013.49	-180.21	-46.181	1011.59
48.1598	-80.2668	1013.84	-208.934	-46.145	1020.75
16.182	-73.2596	1015.67	-235.523	-45.8865	1030.59
-3.61287	-67.5442	1017.57	-249.962	-45.0212	1036.56
-16.3021	-65.4295	1019.26	-261.546	-44.5352	1041.74
************TIME_SERIES************
ClassID: 3
TimeSeriesLength: 38
TimeSeriesData: 
64.0166	318.268	1117.41	-154.349	320.893	1144.54
64.2079	319.602	1118	-149.701	323.7	1145.56
64.2462	319.761	1118.08	-147.262	324.697	1146.04
66.6342	323.814	1119.98	-145.648	325.203	1146.29
73.7177	330.431	1122.94	-142.389	326.225	1146.72
94.7351	341.69	1128.95	-131.521	330.989	1148.47
119.821	352.21	1135.95	-115.159	339.792	1151.85
150.39	362.994	1145.31	-92.3465	352.197	1157.39
177.707	369.469	1153.47	-67.9179	363.393	1163.5
218.659	371.519	1164.96	-30.409	372.337	1171.48
269.885	361.409	1177.18	18.2839	372.137	1177.09
319.284	345.474	1189.17	68.2331	362.505	1178.79
354.955	325.393	1196.75	106.721	346.716	1176.29
383.954	296.461	1201.11	138.918	320.015	1169.48
409.128	259.503	1202.63	165.67	286.379	1160.19
433.081	208.211	1201.25	189.363	238.201	1145.85
446.44	164.402	1197.5	201.733	197.131	1133.46
454.055	119.506	1191.2	208.818	156.562	1120.88
450.675	70.135	1178.75	205.834	116.47	1107.53
440.058	24.3375	1163.45	196.06	78.4973	1094.38
413.672	-28.5974	1138.49	172.732	36.7674	1078.17
386.39	-58.7782	1117.32	145.849	7.89853	1064.67
340.764	-86.3201	1088.49	99.1194	-24.9949	1045.87
300.251	-95.7656	1067.22	54.869	-47.9482	1030.58
256.48	-99.7886	1047.06	10.0111	-64.032	1018.46
208.666	-97.8952	1032.37	-32.8704	-70.4275	1014.05
161.062	-95.1931	1022.37	-74.0721	-71.6467	1014.05
100.91	-89.6763	1016	-127.531	-69.9128	1021.04
62.0301	-81.8597	1014.68	-164.093	-65.3864	1028.61
26.4426	-71.2039	1015.07	-198.389	-60.8742	1037.99
10.577	-64.7837	1016.52	-212.787	-59.3559	1042.57
4.01704	-63.6389	1017.53	-218.949	-58.9938	1044.93
4.01704	-63.6389	1017.53	-218.949	-58.9938	1044.93
3.79176	-63.8002	1017.58	-218.949	-58.9938	1044.93
3.19058	-64.4109	1017.71	-218.949	-58.9938	1044.93
3.06995	-64.5485	1017.74	-218.949	-58.9938	1044.93
3.06995	-64.5485	1017.74	-218.949	-58.9938	1044.93
2.39386	-65.6495	1017.81	-218.949	-58.9938	1044.93
************TIME_SERIES************
ClassID: 3
TimeSeriesLength: 45
TimeSeriesData: 
165.918	237.597	1141.19	-162.074	238.499	1135.65
165.918	237.597	1141.19	-162.074	238.499	1135.65
165.918	237.597	1141.19	-162.074	238.499	1135.65
165.918	237.597	1141.19	-162.074	238.499	1135.65
165.918	237.597	1141.19	-162.074	238.499	1135.65
165.918	237.597	1141.19	-162.074	238.499	1135.65
165.918	237.597	1141.19	-162.074	238.499	1135.65
165.46	238.452	1141.77	-162.074	238.499	1135.65
163.509	242.634	1143.53	-162.168	238.658	1135.87
162.13	247.308	1144.71	-162.603	248.398	1142.71
163.478	256.419	1146.37	-153.873	270.627	1151.32
169.514	268.52	1149.02	-136.277	296.296	1157.74
181.184	281.244	1152.77	-112.783	319.472	1162.06
198.368	292.024	1157.92	-82.2303	337.527	1165.48
220.341	300.132	1163.75	-47.6413	349.727	1168.24
245.873	305.022	1169.78	-9.34404	356.84	1170.55
277.282	302.009	1174.66	32.6949	354.402	1170.4
317.85	286.888	1179.02	83.2941	337.609	1165.45
356.796	264.793	1182.34	131.59	312.651	1157.92
384.212	243.793	1184.82	166.276	286.926	1150.75
406.136	214.255	1182.93	191.462	250.748	1139.14
422.502	181.309	1177.85	209.417	209.968	1124.99
432.949	135.684	1165.89	216.008	156.737	1102.61
433.628	100.898	1154.18	211.246	119.4	1085.18
427.955	65.0788	1139.51	198.497	85.5518	1067.32
418.305	39.563	1126.25	185.188	65.9411	1056.44
394.817	9.30355	1104.47	158.452	44.1934	1043.47
353.086	-18.8344	1075.34	108.448	16.1309	1026.85
304.425	-36.7814	1047.41	51.833	-8.8399	1011.98
260.157	-41.4805	1027.84	1.27701	-26.0835	1002.57
213.702	-40.8298	1013.31	-44.8537	-37.2565	1001.59
165.756	-39.9988	1002.72	-89.6325	-41.8473	1005.44
113.523	-38.8199	997.353	-139.001	-42.0509	1015.2
78.7387	-35.8014	998.365	-172.79	-37.6594	1024.78
52.7837	-31.4308	1002.03	-200.385	-35.0485	1034.45
41.3323	-27.5337	1005.66	-215.414	-33.9912	1040.68
34.5234	-23.4631	1009.41	-225.004	-32.7599	1045.15
30.5122	-18.5971	1013.75	-230.747	-31.2279	1048.09
28.727	-13.964	1017.8	-233.089	-30.0465	1049.4
28.1522	-9.26461	1022.1	-234.995	-28.6039	1050.57
28.1839	-6.74073	1024.78	-237.075	-26.4924	1051.92
28.4545	-4.72218	1027.09	-239.268	-23.5905	1053.47
28.6421	-3.86559	1028.19	-240.983	-20.9843	1054.75
28.765	-3.262	1028.95	-241.941	-19.2427	1055.58
28.765	-3.262	1028.95	-242.509	-18.0364	1056.13
************TIME_SERIES************
ClassID: 3
TimeSeriesLength: 39
TimeSeriesData: 
139.101	256.227	1128.03	-172.555	262.482	1132.44
138.595	257.588	1127.82	-172.555	262.482	1132.44
138.379	258.093	1127.7	-172.555	262.482	1132.44
138.147	258.589	1127.57	-172.555	262.482	1132.44
137.563	259.791	1127.22	-172.555	262.482	1132.44
136.707	261.357	1126.79	-172.555	262.482	1132.44
135.666	263.213	1126.36	-172.555	262.482	1132.44
134.655	264.784	1126.05	-172.555	262.482	1132.44
133.457	266.653	1125.76	-172.555	262.482	1132.44
131.935	269.182	1125.53	-172.555	262.482	1132.44
130.886	272.941	1125.58	-169.303	268.904	1134.42
131.339	280.796	1126.68	-161.012	283.617	1138.65
136.634	293.131	1130.08	-148.881	301.777	1144.22
153.707	311.318	1139.13	-127.224	321.927	1151.97
179.655	329.649	1152.31	-99.303	338.584	1160.22
221.041	346.535	1171.67	-54.0095	354.946	1171.88
258.752	356.308	1189.48	-11.5089	366.295	1182.38
298.581	359.244	1206.92	33.7754	373.849	1192.42
340.271	352.716	1223.56	76.8819	370.217	1200.61
381.863	338.079	1238.58	122.768	359.153	1205.33
430.597	305.584	1253.31	173.073	328.09	1205.27
465.697	269.295	1261.62	212.807	290.649	1199.4
498.586	208.909	1262.2	245.355	226.575	1183.82
513.848	154.687	1255.27	259.863	169.005	1164.55
517.967	97.0575	1241.86	263.784	113.198	1143.64
504.836	45.791	1221.52	253.248	66.8	1124.37
481.749	-0.180752	1197.19	235.461	28.0686	1108.1
442.672	-42.6779	1164.78	204.881	-5.31916	1091.33
406.49	-63.5469	1139.13	174.503	-21.4478	1080.6
366.128	-75.2828	1113.42	133.935	-34.1235	1068.06
322.368	-76.7375	1089.62	83.7512	-45.0607	1055.25
277.862	-73.7195	1067.88	34.3385	-52.5145	1044.56
221.815	-66.8493	1046.77	-24.7926	-59.3026	1039.01
178.095	-60.2076	1035.51	-69.8052	-63.6375	1038.64
135.682	-53.7491	1028.22	-112.947	-67.3277	1041.95
102.961	-48.9731	1025.55	-145.001	-66.8779	1048.08
74.5165	-44.1945	1025.07	-173.044	-64.1508	1055.42
47.3212	-40.0777	1026.39	-198.593	-62.6689	1063.24
30.1394	-37.1533	1028.35	-212.845	-61.9604	1067.82
************TIME_SERIES************
ClassID: 3
TimeSeriesLength: 34
TimeSeriesData: 
192.603	342.136	1171.82	-86.9289	393.455	1160.92
229.292	334.503	1180.68	-39.9431	406.077	1172.48
266.942	324.619	1191.14	12.2728	413.909	1185.25
302.375	309.35	1202.18	61.6071	409.829	1195.6
337.089	290.278	1213.53	106.611	397.729	1203.35
374.623	259.269	1224.55	150.376	375.192	1208.71
401.255	231.542	1231	178.367	354.411	1210.8
423.596	199.8	1234.46	200.535	329.418	1209.04
438.765	160.433	1233.45	218.577	288.494	1198.9
448.599	113.9	1228.68	233.631	232.238	1183.9
450.505	45.077	1213.27	243.864	148.969	1163.15
443.425	-13.5219	1192.73	244.517	78.1607	1146.99
428.747	-71.2041	1166.86	236.54	15.7314	1130.45
404.644	-114.716	1140.67	215.949	-26.6442	1110.9
376.045	-147.797	1116.58	193.656	-55.1213	1092.86
337.088	-171.072	1091.4	154.28	-81.5026	1068.18
301.273	-175.616	1071.01	73.2655	-108.57	1034.13
258.274	-166.71	1049.04	33.9178	-113.031	1024.61
224.389	-152.404	1032.29	-6.1601	-113.506	1018.32
189.575	-135.177	1018.29	-56.0243	-110.191	1017.23
160.722	-121.982	1009.25	-97.726	-107.614	1019.05
130.057	-108.613	1002.14	-137.591	-107.633	1024.06
98.4043	-98.0788	998.394	-166.505	-108.263	1029.83
69.2771	-89.8248	996.557	-191.42	-108.062	1036.4
39.869	-81.9226	996.338	-212.707	-104.142	1042.95
22.4112	-75.2883	997.266	-225.456	-99.5587	1046.86
8.08569	-67.9179	999.74	-235.145	-95.4019	1050.12
1.66105	-63.7897	1001.86	-239.36	-92.9358	1051.65
-1.25537	-61.5503	1003.38	-242.735	-90.2345	1053
-1.25537	-61.5503	1003.38	-245.727	-86.127	1054.35
-1.25537	-61.5503	1003.38	-248.659	-79.5839	1055.93
-1.25537	-61.5503	1003.38	-250.4	-72.3089	1057.37
-1.25537	-61.5503	1003.38	-251.149	-66.4284	1058.29
-1.14999	-61.4201	1003.59	-251.31	-62.1675	1058.85
************TIME_SERIES************
ClassID: 3
TimeSeriesLength: 29
TimeSeriesData: 
115.189	313.777	1089.78	-182.572	292.01	1092.55
116.13	318.547	1092.81	-179.365	294.265	1091.45
119.016	323.24	1095.94	-175.174	298.134	1090.47
127.997	329.416	1100.64	-169.089	304.188	1089.61
144.055	335.486	1105.98	-160.763	311.954	1089.04
174.087	340.564	1112.93	-141.908	324.463	1089.4
205.457	343.788	1119.58	-115.813	338.57	1092.21
241.517	344.978	1126.7	-83.7025	351.495	1096.62
283.981	340.521	1134.84	-39.1856	362.656	1104.11
329.957	329.571	1143.06	9.83448	367.433	1111.63
384.937	302.599	1152.63	74.5756	359.06	1118.28
426.383	272.266	1159.91	128.577	338.735	1121.38
461.304	237.495	1166.64	178.298	306.259	1121.96
485.823	194.877	1170.52	217.017	259.717	1121.03
502.32	148.326	1171.53	245.76	206.963	1118.84
511.494	97.0231	1168.53	266.952	153.211	1117.27
507.88	44.7467	1158.24	272.68	105.205	1113.07
486.667	-19.6153	1137.26	263.634	52.4671	1103.36
455.855	-79.0461	1112.48	243.08	4.87762	1089.37
423.473	-118.393	1091.33	218.27	-25.1379	1076.3
385.83	-142.538	1071.95	190.811	-40.6589	1066.15
345.225	-156.892	1053.19	159.871	-48.4666	1057.02
291.683	-160.822	1032.12	106.769	-54.7605	1042.64
249.256	-154.255	1017.73	56.0828	-58.2867	1028.65
207.743	-143.868	1005.79	2.14772	-60.1327	1014.84
170.804	-132.14	998.43	-48.2917	-59.8117	1008.21
136.445	-120.844	993.696	-99.3631	-62.1827	1006.49
98.1159	-108.182	991.661	-153.915	-71.1347	1011.52
72.9589	-99.9203	992.502	-185.886	-79.8572	1019.05
************TIME_SERIES************
ClassID: 3
TimeSeriesLength: 53
TimeSeriesData: 
143.874	268.284	1135.35	-153.553	264.461	1143.27
143.874	268.284	1135.35	-153.553	264.461	1143.27
143.874	268.284	1135.35	-153.553	264.461	1143.27
143.874	268.284	1135.35	-153.553	264.461	1143.27
143.874	268.284	1135.35	-153.553	264.461	1143.27
143.874	268.284	1135.35	-153.553	264.461	1143.27
143.874	268.284	1135.35	-153.553	264.461	1143.27
143.874	268.284	1135.35	-153.553	264.461	1143.27
143.874	268.284	1135.35	-153.553	264.461	1143.27
143.072	269.727	1135.72	-153.553	264.461	1143.27
141.537	272.692	1136.46	-152.004	272.848	1144.85
140.776	276.568	1137.59	-144.374	287.473	1148.69
142.122	283.545	1140.08	-132.265	302.219	1153.06
151.997	296.611	1146.33	-110.923	317.93	1157.58
168.068	308.959	1154	-86.7974	330.661	1161.3
193.604	320.912	1164.58	-50.8315	343.588	1165.39
217.607	328.027	1173.57	-17.2555	352.322	1169.04
243.831	332.315	1182.19	17.1757	356.91	1171.74
273.865	330.027	1189.14	54.0405	354.436	1173.34
305.627	323.679	1195.28	91.6251	345.147	1173.4
345.703	305.607	1200.71	137.832	322.014	1170.65
378.275	285.229	1204.07	174.835	293.639	1166.47
409.542	257.823	1204.62	209.923	258.701	1161.58
436.227	222.889	1200.19	234.86	215.314	1153.12
457.201	182.996	1191.4	251.246	168.602	1142.41
472.483	130.152	1174.83	254.569	113.921	1124.89
474.512	89.3191	1158.56	248.133	76.003	1110.72
468.193	51.5475	1140.56	231.532	38.9472	1093.32
451.381	20.9001	1121.74	207.795	10.514	1076.62
429.154	-5.77411	1102.34	180.222	-13.2817	1058.89
395.152	-35.1887	1077.94	141.57	-38.0603	1037.56
364.58	-53.8418	1059.62	106.078	-57.6133	1020.95
330.437	-67.5922	1042.45	69.0971	-72.8149	1007.6
292.404	-71.926	1028.02	29.2924	-81.2606	999.99
252.988	-70.8218	1015.78	-11.3295	-82.1625	996.287
205.717	-64.8177	1004.88	-63.5907	-77.8164	997.826
169.01	-56.6467	1000.19	-103.203	-67.1597	1004.23
132.658	-45.7705	999.143	-141.617	-51.3676	1014.56
101.084	-33.9796	1002.98	-173.404	-35.4753	1027.97
74.2549	-22.4726	1009.46	-199.417	-21.4685	1042.33
50.0184	-10.345	1019.14	-221.483	-10.7599	1058.21
35.9648	-1.53219	1027.23	-233.276	-3.92862	1068.81
25.5842	6.16266	1035.1	-242.097	1.87531	1078.02
20.5548	9.79539	1039.94	-246.22	4.124	1082.57
16.746	12.3279	1044.26	-249.211	5.32703	1085.77
15.0183	13.3295	1046.7	-251.02	5.63643	1087.53
14.4405	13.7683	1047.72	-251.796	5.79133	1088.24
14.4405	13.7683	1047.72	-251.867	5.80485	1088.3
14.4405	13.7683	1047.72	-251.867	5.80485	1088.3
14.4405	13.7683	1047.72	-251.867	5.80485	1088.3
14.4405	13.7683	1047.72	-251.867	5.80485	1088.3
14.4405	13.7683	1047.72	-251.867	5.80485	1088.3
14.4405	13.7683	1047.72	-251.867	5.80485	1088.3
************TIME_SERIES************
ClassID: 3
TimeSeriesLength: 46
TimeSeriesData: 
131.764	345.021	1161.19	-99.8731	358.611	1165.36
131.764	345.021	1161.19	-94.1962	362.66	1166.13
131.764	345.021	1161.19	-90.2269	365.123	1166.76
131.764	345.021	1161.19	-88.8597	365.745	1166.99
131.764	345.021	1161.19	-88.3737	365.914	1167.08
132.478	345.868	1161.52	-86.4381	366.278	1167.36
135.165	348.548	1162.55	-83.6572	366.616	1167.68
137.84	350.703	1163.43	-79.755	366.879	1168
143.72	353.929	1165.09	-74.5233	366.928	1168.23
153.342	357.911	1167.73	-66.479	367.024	1168.55
172.47	364.03	1173.08	-48.2414	368.627	1169.91
192.46	371.09	1179.11	-22.8735	373.932	1173.34
214.751	379.144	1185.58	9.86519	381.861	1178.85
242.012	386.337	1191.64	54.1502	386.79	1185.83
272.277	391.156	1197.15	99.0523	385.093	1192.01
314.106	388.871	1204.39	150.886	367.546	1196.21
349.44	380.707	1211.27	189.446	342.346	1198.41
384.757	366.123	1218.74	223.743	309.488	1198.82
418.586	338.856	1224.38	247.492	271.735	1195.41
449.209	304.687	1228.6	264.035	231.275	1188.44
478.614	252.465	1229.76	272.699	174.737	1171.78
493.385	208.493	1227.38	273.592	131.406	1156.12
497.492	146.011	1214.47	261.414	76.66	1130.67
489.567	97.9902	1197.23	243.956	38.7308	1110.58
473.825	53.4898	1175.67	219.253	2.51171	1089.42
448.879	15.223	1149.96	194.387	-20.3953	1075.53
418.952	-18.3893	1122.38	165.267	-40.2558	1062.38
383.711	-47.4659	1093.59	130.193	-58.9662	1049.56
339.402	-64.0634	1066.8	84.7679	-75.027	1036.36
288.905	-72.0686	1041.86	38.7405	-86.0005	1025.96
225.724	-75.2837	1018.01	-15.6722	-90.6456	1017.78
175.982	-72.2589	1005.33	-56.0535	-89.2437	1014.46
129.687	-68.0518	997.566	-93.9535	-83.2155	1014.69
92.8076	-61.4555	995.938	-126.878	-74.2486	1019.65
62.0804	-52.9963	997.377	-157.67	-60.6752	1028.28
33.5489	-43.3199	1001.82	-189.782	-45.6401	1040.33
16.5334	-35.8972	1006.53	-210.102	-34.3576	1049.61
4.95769	-30.118	1011.1	-225.339	-26.3507	1057.47
-1.04929	-26.4613	1014.64	-232.279	-21.8017	1061.64
-5.02763	-23.5721	1017.7	-236.899	-17.9473	1064.7
-5.09094	-23.545	1017.77	-238.077	-16.8577	1065.47
-5.09094	-23.545	1017.77	-238.267	-16.665	1065.58
-5.45237	-24.5812	1019.02	-238.267	-16.665	1065.58
-5.47688	-26.7917	1020.96	-238.267	-16.665	1065.58
-5.24973	-28.2133	1021.95	-238.267	-16.665	1065.58
-4.91253	-29.6489	1022.8	-238.267	-16.665	1065.58
************TIME_SERIES************
ClassID: 3
TimeSeriesLength: 43
TimeSeriesData: 
119.205	315.208	1121.3	-97.3777	330.844	1130.07
119.652	316.786	1121.12	-94.8685	332.308	1130.19
120.49	319.773	1120.93	-92.5511	333.797	1130.31
121.292	321.65	1120.86	-90.8748	334.846	1130.33
125.48	326.5	1121.22	-89.0441	335.805	1130.3
135.915	333.412	1123.06	-86.8451	336.598	1130.19
152.881	341.058	1127.12	-84.2073	337.357	1130.05
177.463	348.054	1133.98	-76.498	339.291	1129.51
205.891	353.441	1142.55	-63.1291	343.897	1129.61
244.056	356.508	1154.43	-33.0901	353.44	1134.08
277.224	357.044	1164.92	1.67035	361.215	1142.08
311.367	354.949	1175.92	41.2257	363.096	1151.57
346.234	344.887	1186.2	80.5644	351.35	1157.55
381.477	326.835	1195.13	118.58	330.199	1160.55
420.645	291.593	1201.22	158.863	289.601	1158.17
446.99	258.535	1203.39	187.822	249.45	1154.29
467.129	222.555	1202.45	211.042	204.203	1148.19
478.765	182.137	1196.23	225.687	157.415	1139.84
483.042	137.357	1184.83	232.164	109.186	1127.92
478.717	80.9471	1166.06	230.985	51.8872	1110.47
467.625	38.2694	1148.51	223.521	11.1324	1095.87
453.056	0.059021	1130.75	214.725	-18.1881	1084.22
431.872	-33.2471	1110.98	199.183	-41.0017	1072.72
406.934	-59.0409	1090.95	180.992	-57.8616	1062.18
367.454	-83.3638	1065.2	144.044	-79.9942	1045.54
332.531	-93.0717	1046.59	111.474	-89.6858	1033.46
285.835	-95.5095	1027.18	59.6765	-95.5836	1017.21
249.481	-89.8875	1015.31	17.2188	-93.7535	1006.39
213.568	-81.6822	1006.32	-26.5876	-88.7909	998.802
178.316	-74.4339	1001.92	-67.5876	-82.4743	998.846
141.964	-67.3367	1000.62	-106.986	-71.2712	1003.53
107.16	-59.37	1001.85	-142.931	-58.2966	1011.37
80.0139	-50.7717	1005.45	-170.211	-46.7249	1020.96
56.7525	-42.16	1010.41	-192.273	-39.5923	1030.84
34.5715	-33.1622	1016.9	-211.795	-34.4688	1041.57
21.6553	-27.4491	1021.61	-222.328	-30.3585	1048.26
14.0232	-26.5814	1025.01	-230.187	-25.5848	1054.32
9.87184	-27.9993	1027.01	-234.713	-21.3516	1058.15
4.998	-32.5963	1029.39	-237.315	-17.9027	1060.64
3.76926	-34.6809	1030.11	-237.315	-17.9027	1060.64
3.76926	-34.6809	1030.11	-237.315	-17.9027	1060.64
3.76926	-34.6809	1030.11	-237.315	-17.9027	1060.64
3.76926	-34.6809	1030.11	-237.315	-17.9027	1060.64
************TIME_SERIES************
ClassID: 3
TimeSeriesLength: 40
TimeSeriesData: 
87.8266	314.73	1111.88	-103.239	323.687	1135.95
88.006	316.837	1112.29	-98.5752	326.506	1136.19
94.8278	326.179	1114.62	-87.7404	332.805	1136.49
112.092	338.707	1119.29	-73.4181	341.693	1137.69
136.92	351.611	1126.54	-54.0745	353.136	1140.84
171.763	363.627	1137.41	-24.6445	365.366	1148.47
209.386	373.046	1150.36	9.75602	373.732	1158.16
259.622	376.303	1167.37	57.9848	374.726	1170.38
300.065	373.657	1182.06	98.5435	367.798	1179.03
340.026	365.205	1196.43	137.332	352.627	1185.03
376.26	345.028	1207.02	172.383	324.945	1186.68
408.411	317.54	1214.37	203.532	288.395	1184.5
439.82	272.91	1215.29	232.223	236.066	1176.44
456.985	235.323	1211.14	246.901	192.594	1166.27
468.736	194.088	1202.31	255.792	151.957	1154.7
470.599	147.981	1187.12	255.883	119.703	1142.6
464.204	100.989	1167.98	250.671	91.6311	1130.14
444.014	48.5995	1140.7	231.899	57.347	1111.91
421.168	17.8226	1118.6	212.833	37.6432	1099.17
391.802	-6.02213	1095.74	189.693	22.7255	1085.97
354.987	-18.8519	1075.01	157.409	10.988	1071.69
313.738	-25.2734	1056.6	114.244	-2.89398	1056.05
263.014	-26.064	1039.22	56.9594	-17.7204	1041.69
225.747	-22.4028	1029.21	12.615	-22.531	1034.95
189.395	-17.1854	1022.26	-28.3216	-20.1388	1032.11
156.488	-10.6715	1019.52	-68.7014	-12.5953	1032.82
125.669	-3.42298	1019.47	-106.979	-4.54542	1036.06
92.5301	4.33412	1022.18	-143.906	0.432428	1041.33
71.2641	9.11715	1025.72	-163.387	2.28879	1045.14
52.8069	13.1206	1029.96	-176.628	2.97635	1048.19
41.1987	15.9621	1033.52	-184.103	3.47737	1050.27
31.9947	18.7607	1036.89	-191.168	3.91209	1052.82
25.3844	20.6741	1040.02	-198.125	4.66397	1056.24
22.8253	21.594	1041.58	-202.458	5.85177	1059.08
22.2797	21.8145	1042.06	-204.857	6.91121	1061.28
22.2797	21.8145	1042.06	-205.748	7.54881	1062.34
22.2797	21.8145	1042.06	-206.501	8.32888	1063.36
22.2797	21.8145	1042.06	-206.661	8.50906	1063.56
22.2797	21.8145	1042.06	-206.661	8.50906	1063.56
22.337	21.9956	1042.44	-206.661	8.50906	1063.56
************TIME_SERIES************
ClassID: 3
TimeSeriesLength: 41
TimeSeriesData: 
130.321	341.852	1169.34	-145.05	322.698	1175.38
130.321	341.852	1169.34	-143.69	323.764	1175.53
130.321	341.852	1169.34	-142.252	324.654	1175.49
130.321	341.852	1169.34	-136.637	328.433	1175.17
135.418	346.288	1170.84	-128.892	334.593	1175.09
158.212	359.258	1177.87	-111.299	350.804	1177.98
185.222	372.214	1188.12	-90.0192	370.002	1183.98
217.642	383.471	1200.75	-62.5384	389.353	1191.8
253.932	388.286	1214.61	-25.6676	400.124	1197.87
291.785	387.991	1228.48	16.5057	401.994	1201.78
337.67	376.921	1242.69	72.5206	387.952	1203.03
372.971	362.036	1251.96	118.744	364.286	1202.6
406.173	340.931	1258.12	164.642	329.981	1201
434.559	313.035	1258.94	205.85	284.56	1198.75
460.394	278.724	1255.1	238.984	233.835	1193.43
485.303	228.194	1243.51	263.563	173.8	1182.07
498.953	184.398	1229.53	269.537	131.34	1167.8
505.14	139.324	1211.64	267.452	96.9365	1151.32
497.345	94.3648	1188.57	252.497	70.2156	1129.48
480.333	52.7726	1163.39	228.779	46.6981	1105.52
449.697	8.49321	1132.93	193.087	21.6458	1079.59
422.394	-16.1373	1111.52	162.365	3.65139	1064.45
381.187	-39.7504	1085.48	118.784	-18.7794	1049.87
343.283	-51.413	1065.76	81.0494	-34.578	1040.68
299.656	-58.8789	1046.77	41.9322	-45.9081	1032.33
253.626	-58.4854	1032.24	-2.52989	-53.9894	1024.51
208.655	-53.927	1022.14	-46.607	-59.6099	1018.18
157.711	-45.4717	1017.36	-96.3417	-60.1089	1015.3
123.258	-37.1616	1018.46	-128.17	-51.8296	1017.35
93.5776	-27.9685	1022.44	-157.769	-38.7895	1022.51
76.9058	-21.4415	1026.96	-177.877	-28.6001	1028.83
64.087	-15.8658	1032	-191.735	-21.5023	1034.93
56.5121	-11.9439	1035.88	-199.872	-17.1488	1039.69
54.395	-10.4997	1037.24	-201.286	-16.0018	1040.89
54.2096	-10.3252	1037.4	-201.645	-15.4991	1041.37
54.2096	-10.3252	1037.4	-201.645	-15.4991	1041.37
54.2096	-10.3252	1037.4	-201.623	-14.7195	1041.92
54.2096	-10.3252	1037.4	-201.224	-12.9941	1042.99
54.2096	-10.3252	1037.4	-200.672	-11.0177	1044.12
54.2096	-10.3252	1037.4	-200.113	-9.01038	1045.22
54.2096	-10.3252	1037.4	-199.472	-6.83366	1046.43
************TIME_SERIES************
ClassID: 3
TimeSeriesLength: 39
TimeSeriesData: 
82.3658	320.012	1132.06	-158.226	314.274	1146.24
87.8826	339.661	1139.96	-146.555	337.441	1152.22
90.6051	349.432	1143.03	-137.712	350.777	1156.05
92.6913	356.287	1144.59	-130.235	358.93	1158.9
93.8595	358.713	1144.94	-123.937	362.978	1160.78
94.9772	360.415	1145.14	-119.046	364.712	1161.92
96.6259	361.864	1145.26	-113.745	365.178	1162.41
100.549	364.078	1145.42	-109.003	365.156	1162.19
108.524	367.029	1145.82	-102.861	365.656	1161.48
126.665	371.5	1147.74	-88.7362	369.403	1160.35
150.969	377.244	1152.12	-68.6979	376.597	1160.44
189.851	382.996	1160.85	-33.4505	387.392	1164.21
226.251	386.314	1170.32	2.77456	394.813	1170.58
263.953	385.83	1180.34	43.4518	398.285	1178.65
302.909	377.464	1189.84	89.0847	386.16	1184.11
341.398	362.883	1198.03	137.074	363.246	1188.37
386.568	334.344	1203.63	192.519	317.553	1189.28
418.985	304.941	1204.52	231.168	271.634	1187.8
446.853	270.773	1202.18	261.932	217.632	1182.97
467.151	228.004	1195.74	276.577	160.375	1173.48
480.604	181.57	1186.56	280.15	103.507	1159.98
486.227	119.68	1170.23	266.451	38.1127	1136.22
481.371	71.6688	1153.82	247.432	-4.49319	1116.27
468.964	23.9181	1134.41	226.057	-36.0816	1099.25
447.912	-18.4669	1115.12	196.354	-57.0902	1082.21
425.261	-52.1798	1098.06	155.256	-74.9996	1061.93
394.167	-82.3246	1079.66	95.6078	-91.2326	1038.57
367.14	-95.6208	1065.82	51.5692	-97.1213	1026.77
332.346	-104.528	1050.39	10.2912	-97.2168	1019.37
290.571	-104.911	1034.96	-28.7093	-92.0589	1016.34
248.881	-101.307	1021.6	-67.9761	-86.3753	1016.22
199.632	-92.8043	1010.06	-110.314	-78.9918	1020.82
164.104	-83.5499	1005.3	-138.763	-71.9557	1027.35
130.009	-71.7027	1004.41	-164.291	-61.1911	1035.51
104.187	-58.9256	1008.12	-186.29	-50.978	1043.91
81.4335	-43.8237	1014.31	-204.701	-41.8722	1051.87
60.7253	-28.3335	1022.8	-220.758	-33.1533	1060.04
47.9276	-17.5432	1029.21	-230.006	-26.2382	1065.45
35.3811	-8.6682	1035.81	-237.962	-20.2602	1070.86
************TIME_SERIES************
ClassID: 3
TimeSeriesLength: 28
TimeSeriesData: 
110.729	312.059	1112.31	-121.969	299.026	1119.59
113.27	338.08	1120.43	-107.315	325.635	1127.26
113.224	351.555	1123.95	-97.6074	340.23	1129.9
112.651	358.804	1125.3	-88.7052	350.79	1130.82
112.581	362.084	1125.54	-79.6248	358.259	1130.19
113.31	364.732	1125.59	-70.7479	363.8	1129.11
117.77	370.245	1125.74	-61.1377	368.279	1127.58
133.888	378.426	1128.01	-45.197	374.776	1126.49
157.682	383.982	1132.89	-23.5426	382.978	1127.72
194.626	384.826	1142.22	14.86	393.575	1134.62
229.36	381.519	1151.58	55.0448	398.485	1144.05
276.334	368.121	1163.82	110.204	392.11	1156.57
323.234	339.987	1172.55	202.231	353.025	1174.13
371.937	290.62	1177.39	239.752	317.88	1177.85
408.626	224.716	1174.41	288.771	223.915	1170.33
430.214	145.942	1164.67	296.098	170.982	1159.63
437.818	76.4325	1152.86	295.318	118.803	1146.06
429.769	11.559	1137.83	283.579	64.795	1127.11
414.896	-29.6311	1125.34	265.934	28.7825	1108.86
387.844	-67.714	1108.82	235.134	-2.12784	1085.86
362.167	-87.8909	1095.57	204.42	-18.4809	1067.3
333.25	-102.104	1082.07	172.305	-27.2033	1051.48
304.415	-108.399	1069.84	130.559	-33.2781	1037.65
262.29	-106.297	1054.01	27.0631	-44.3791	1018.36
218.998	-99.5639	1039.71	-16.5442	-46.9526	1015.94
183.316	-92.5562	1029.48	-59.2946	-47.8024	1016.69
153.695	-88.8385	1023.78	-92.7999	-48.0748	1021.74
116.722	-84.4066	1018.85	-127.678	-51.2591	1030.73
