GRT_LABELLED_TIME_SERIES_CLASSIFICATION_DATA_FILE_V1.0
DatasetName: NOT_SET
InfoText: 
NumDimensions: 6
TotalNumTrainingExamples: 13
NumberOfClasses: 1
ClassIDsAndCounters: 
1	13
UseExternalRanges: 0
LabelledTimeSeriesTrainingData:
************TIME_SERIES************
ClassID: 1
TimeSeriesLength: 51
TimeSeriesData: 
214.252	186.84	1234.96	-142.644	199.796	1133.69
213.866	187.45	1233.69	-142.295	199.441	1134.53
213.09	188.516	1231.99	-141.669	198.655	1135.86
210.704	190.922	1228.98	-140.056	196.949	1138.21
206.802	193.933	1225.61	-137.085	194.274	1141.2
196.587	198.144	1219.41	-129.545	189.356	1145.19
182.196	200.919	1212.57	-118.752	184.781	1147.79
156.364	198.093	1198.86	-91.8155	168.888	1143.74
157.907	212.598	1183.38	-99.1338	132.783	1127.66
190.562	259.803	1163.26	-148.918	80.8454	1109.16
248.129	325.72	1159.49	-231.173	42.0282	1103.14
285.749	370.071	1175.67	-293.265	23.8684	1114.42
316.022	405.84	1196.45	-341.102	9.68917	1128.1
344.55	440.648	1221.81	-387.431	-5.81676	1143.95
368.461	472.385	1252.62	-428.317	-23.7673	1161.13
388.08	499.158	1284.49	-466.421	-43.5635	1179.28
410.404	526.289	1325.67	-504.978	-71.4363	1199.64
425.824	543.618	1357.59	-530.035	-91.0482	1213.7
438.294	557.522	1387.36	-547.673	-106.672	1224.18
442.7	563.128	1403.67	-551.912	-111.11	1227.15
443.028	563.794	1409.06	-552.2	-111.574	1227.41
442.467	563.461	1410.5	-552.2	-111.574	1227.41
439.944	561.719	1412.21	-552.2	-111.574	1227.41
434.478	557.835	1413.36	-552.059	-112.474	1227.17
430.048	553.622	1412.5	-552.059	-112.474	1227.17
426.991	549.682	1410.73	-552.059	-112.474	1227.17
425.241	547.357	1409.15	-552.059	-112.474	1227.17
425.241	547.357	1409.15	-551.412	-113.004	1226.55
425.241	547.357	1409.15	-550.504	-113.652	1225.76
425.241	547.357	1409.15	-549.518	-114.318	1225.05
425.241	547.357	1409.15	-549.518	-114.318	1225.05
425.241	547.357	1409.15	-549.518	-114.318	1225.05
425.241	547.357	1409.15	-549.518	-114.318	1225.05
425.233	547.314	1409.11	-549.518	-114.318	1225.05
425.233	547.314	1409.11	-549.518	-114.318	1225.05
425.233	547.314	1409.11	-549.518	-114.318	1225.05
425.233	547.314	1409.11	-549.518	-114.318	1225.05
425.233	547.314	1409.11	-549.518	-114.318	1225.05
425.233	547.314	1409.11	-549.518	-114.318	1225.05
425.233	547.314	1409.11	-549.518	-114.318	1225.05
425.233	547.314	1409.11	-549.518	-114.318	1225.05
425.233	547.314	1409.11	-549.518	-114.318	1225.05
425.226	547.304	1409.09	-549.518	-114.318	1225.05
424.121	545.808	1407.45	-549.518	-114.318	1225.05
422.479	543.73	1405.07	-549.518	-114.318	1225.05
421.211	542.318	1403.34	-549.518	-114.318	1225.05
420.613	541.681	1402.59	-549.518	-114.318	1225.05
420.476	541.572	1402.45	-549.518	-114.318	1225.05
419.522	540.961	1401.63	-549.518	-114.318	1225.05
417.702	539.791	1400.07	-549.518	-114.318	1225.05
415.397	537.883	1397.82	-549.518	-114.318	1225.05
************TIME_SERIES************
ClassID: 1
TimeSeriesLength: 38
TimeSeriesData: 
116.723	171.144	1186.85	-72.2265	177.278	1148.83
107.145	167.52	1183.74	-61.7394	175.024	1149.18
101.978	165.78	1178.23	-25.4293	156.531	1146.07
101.245	171.178	1167.17	-33.6595	124.977	1129.71
114.245	195.95	1148.35	-77.3261	84.7074	1106.33
145.014	248.873	1143.05	-120.984	55.6691	1101.68
176.095	299.366	1149.46	-162.525	33.5691	1106.73
216.505	363.171	1169.03	-215.545	6.85491	1120.47
244.391	412.362	1191.68	-257.813	-12.1199	1134.45
268.587	457.208	1218.24	-300.486	-29.9825	1149.31
288.301	493.971	1249.14	-343.471	-45.8048	1163.75
307.159	523.585	1280.6	-386.542	-60.789	1178.3
331.81	549.382	1316.53	-436.778	-82.4902	1196.45
351.719	562.575	1340.52	-473.924	-100.973	1211.31
370.301	571.929	1360.61	-504.077	-119.675	1224.79
381.369	574.997	1371.65	-516.167	-130.946	1232.13
388.855	577.692	1380.83	-521.758	-139.375	1236.93
393.403	580.1	1388.78	-524.212	-146.56	1240.34
395.33	583.074	1395.18	-525.104	-150.073	1241.85
395.832	584.261	1397.8	-525.606	-152.357	1242.79
395.832	584.261	1397.8	-525.606	-152.357	1242.79
395.891	584.579	1398.48	-525.606	-152.357	1242.79
395.891	584.579	1398.48	-525.606	-152.357	1242.79
395.891	584.579	1398.48	-525.606	-152.357	1242.79
395.891	584.579	1398.48	-525.606	-152.357	1242.79
395.891	584.579	1398.48	-525.606	-152.357	1242.79
395.891	584.579	1398.48	-525.606	-152.357	1242.79
395.891	584.579	1398.48	-525.606	-152.357	1242.79
395.891	584.579	1398.48	-525.606	-152.357	1242.79
395.891	584.579	1398.48	-525.606	-152.357	1242.79
395.891	584.579	1398.48	-525.606	-152.357	1242.79
395.891	584.579	1398.48	-525.606	-152.357	1242.79
395.891	584.579	1398.48	-525.606	-152.357	1242.79
395.891	584.579	1398.48	-525.606	-152.357	1242.79
395.891	584.579	1398.48	-525.606	-152.357	1242.79
395.891	584.579	1398.48	-525.606	-152.357	1242.79
394.871	584.822	1398.5	-525.606	-152.357	1242.79
394.376	584.918	1398.46	-525.606	-152.357	1242.79
************TIME_SERIES************
ClassID: 1
TimeSeriesLength: 35
TimeSeriesData: 
158.065	160.723	1166.65	-61.8722	159.781	1112.77
145.743	153.51	1160.49	-26.6456	157.948	1118.54
133.64	146.467	1154.71	-16.1189	158.507	1120.87
124.972	141.897	1150.62	-8.8223	159.261	1122.44
119.919	138.427	1148.07	-6.90018	159.319	1122.74
116.783	136.191	1146.41	-6.6405	159.286	1122.76
112.458	133.24	1144.24	-5.10671	158.804	1122.76
112.247	133.174	1144.04	-5.10671	158.804	1122.76
112.713	138.58	1139.9	-48.6136	131.949	1115.2
129.508	174.351	1131.78	-89.3265	114.465	1111.88
154.161	217.564	1133.67	-135.089	94.8173	1110
179.682	263.755	1141.45	-185.443	66.3416	1112.01
204.492	311.714	1151.95	-235.222	33.6133	1117.21
228.18	361.638	1164.24	-283.121	-1.74939	1125.57
250.843	412.574	1180.17	-323.784	-36.0748	1137.64
275.195	459.387	1199.73	-359.896	-70.5541	1151.89
307.489	500.569	1229.44	-395.951	-110.794	1170.85
332.933	522.578	1257.26	-418.982	-136.389	1186.22
355.204	540.286	1291.3	-436.928	-157.698	1202.26
364.481	553.399	1316.14	-445.39	-165.696	1211.13
367.493	564.313	1336.57	-449.956	-169.11	1216.7
367.104	568.953	1345.43	-451.542	-169.635	1218.27
366.272	571.217	1350.04	-452.049	-169.688	1218.69
366.272	571.217	1350.04	-452.049	-169.688	1218.69
366.272	571.217	1350.04	-452.049	-169.688	1218.69
366.272	571.217	1350.04	-452.049	-169.688	1218.69
366.272	571.217	1350.04	-452.049	-169.688	1218.69
366.272	571.217	1350.04	-452.049	-169.688	1218.69
366.272	571.217	1350.04	-452.049	-169.688	1218.69
366.272	571.217	1350.04	-452.049	-169.688	1218.69
366.272	571.217	1350.04	-452.049	-169.688	1218.69
366.272	571.217	1350.04	-452.451	-169.514	1218.6
365.912	571.321	1350.32	-454.383	-168.432	1218.21
363.878	571.848	1351.85	-455.161	-167.865	1218.03
361.341	572.548	1353.56	-455.678	-167.405	1217.88
************TIME_SERIES************
ClassID: 1
TimeSeriesLength: 29
TimeSeriesData: 
97.9883	136.395	1098.3	-20.2714	168.05	1091.41
97.1533	136.382	1098.53	-20.2714	168.05	1091.41
96.5693	136.435	1098.71	-20.2714	168.05	1091.41
96.0645	136.514	1098.87	-20.0475	168.014	1091.76
95.9868	136.529	1098.9	-19.9319	168.004	1091.97
95.9868	136.529	1098.9	-19.9319	168.004	1091.97
95.9868	136.529	1098.9	-19.9319	168.004	1091.97
95.9868	136.529	1098.9	-19.9319	168.004	1091.97
95.9868	136.529	1098.9	-71.8745	157.851	1094.99
107.955	145.776	1093.76	-108.979	145.281	1096.63
133.839	171.235	1091.24	-149.168	127.924	1100.36
162.885	211.257	1098.77	-189.331	102.353	1107.09
191.322	257.844	1112.65	-228.119	71.3208	1115.12
224.167	321.226	1136.39	-272.919	23.8775	1127.46
246.774	375.094	1158.67	-306.309	-16.2353	1139.09
266.268	427.058	1182.27	-339.134	-55.1825	1153.02
282.63	469.765	1208.53	-371.447	-89.6181	1172.03
299.115	502.957	1235.43	-402.882	-119.195	1194.16
319.76	530.215	1268.43	-433.537	-151.04	1220.07
333.431	543.683	1291.14	-452.226	-169.881	1236.81
344.592	552.824	1311.77	-465.492	-185.696	1249.15
348.791	556.755	1320.86	-470.515	-191.895	1253.27
350.908	558.57	1325.59	-472.081	-194.425	1254.43
350.908	558.57	1325.59	-472.291	-194.838	1254.54
350.908	558.57	1325.59	-472.291	-194.838	1254.54
350.908	558.57	1325.59	-472.291	-194.838	1254.54
350.908	558.57	1325.59	-472.291	-194.838	1254.54
350.908	558.57	1325.59	-472.291	-194.838	1254.54
350.908	558.57	1325.59	-472.291	-194.838	1254.54
************TIME_SERIES************
ClassID: 1
TimeSeriesLength: 33
TimeSeriesData: 
83.9296	158.847	1107.91	-36.3197	174.617	1107.84
83.3467	158.651	1107.82	-36.3197	174.617	1107.84
81.0501	158.002	1107.45	-36.3197	174.617	1107.84
78.2163	157.633	1106.81	-36.3197	174.617	1107.84
74.9677	157.808	1105.75	-36.3197	174.617	1107.84
73.6841	158.593	1105.04	-40.3982	173.855	1108.07
73.0107	167.588	1102	-72.2482	160.34	1106.07
82.1779	190.789	1098.92	-109.15	137.934	1101.93
105.761	227.577	1100.51	-160.299	101.476	1098.56
130.258	263.523	1105.99	-203.264	69.2977	1099.55
156.346	301.601	1114	-245.57	36.211	1104.71
183.258	343.567	1125.38	-286.573	-1.34433	1115.3
208.551	384.073	1137.97	-328	-40.4223	1129.2
234.677	424.171	1152.21	-370.326	-81.0974	1145.25
262.976	457.008	1169.22	-407.169	-116.398	1165.17
292.926	484.825	1188.94	-439.689	-147.588	1186.59
328.911	506.687	1216.49	-466.091	-177.414	1209.03
353.33	519.258	1240.03	-478.926	-192.849	1221.52
372.437	529.201	1262.6	-486.259	-202.803	1229.86
382.231	537.704	1279.61	-489.329	-206.751	1233.29
387.629	543.231	1291.98	-490.893	-208.755	1235.07
390.219	546.406	1300.72	-491.649	-209.83	1235.92
390.549	546.976	1302.34	-491.649	-209.83	1235.92
390.564	547.025	1302.5	-491.649	-209.83	1235.92
390.564	547.025	1302.5	-491.649	-209.83	1235.92
390.564	547.025	1302.5	-491.649	-209.83	1235.92
390.564	547.025	1302.5	-491.649	-209.83	1235.92
390.564	547.025	1302.5	-491.649	-209.83	1235.92
390.564	547.025	1302.5	-491.649	-209.83	1235.92
390.564	547.025	1302.5	-491.649	-209.83	1235.92
390.564	547.025	1302.5	-491.649	-209.83	1235.92
390.564	547.025	1302.5	-491.649	-209.83	1235.92
390.564	547.025	1302.5	-491.649	-209.83	1235.92
************TIME_SERIES************
ClassID: 1
TimeSeriesLength: 21
TimeSeriesData: 
87.0933	151.091	1099.16	-36.1167	164.356	1093.53
84.3501	149.847	1098.63	-36.1167	164.356	1093.53
84.3501	149.847	1098.63	-36.1167	164.356	1093.53
86.9552	153.071	1097.11	-92.133	130.799	1093.02
119.323	189.363	1095.2	-138.574	108.411	1092.49
155.053	231.684	1101.68	-190.568	80.4977	1091.46
191.853	275.685	1114.69	-241.434	47.1307	1092.5
230.273	320.925	1131.6	-288.253	10.2272	1095.53
269.142	366.483	1151.28	-330.089	-27.8469	1100.6
305.852	410.221	1174.36	-362.765	-61.9686	1109.6
339.837	451.522	1200.18	-392.126	-93.2705	1121.03
374.516	492.386	1234.56	-426.599	-128.406	1138.8
395.321	517.557	1263.13	-453.259	-152.109	1154.89
411.239	537.609	1295.78	-477.34	-177.919	1172.73
416.79	549.738	1318.85	-488.749	-192.691	1182.66
417.494	559.008	1337.98	-495.153	-204.595	1189.37
415.086	563.673	1348.7	-496.335	-209.211	1191.2
411.618	566.597	1356.39	-496.532	-215.168	1192.67
407.546	568.479	1362.83	-495.31	-222.793	1193.8
404.757	569.776	1366.25	-494.786	-225.991	1194.3
402.386	570.742	1368.72	-494.568	-227.401	1194.6
************TIME_SERIES************
ClassID: 1
TimeSeriesLength: 25
TimeSeriesData: 
109.25	165.024	1112.59	-50.3066	158.579	1104.86
99.2257	163.297	1110.45	-50.3066	158.579	1104.86
99.2257	163.297	1110.45	-63.7347	149.134	1107.37
104.424	187.873	1109.43	-94.2099	132.548	1109.44
129.558	237.027	1114.75	-135.851	105.577	1111.09
152.094	279.672	1122.2	-171.443	79.3218	1113.2
176.139	325.857	1131.99	-208.226	48.9501	1116.67
203.915	374.031	1145.69	-248.714	13.781	1123.23
232.078	421.491	1162.85	-290.947	-22.8698	1132.57
271.072	470.28	1190.05	-342.85	-71.2583	1150.9
302.346	500.556	1215.73	-381.987	-106.532	1170.92
334.005	521.821	1242.49	-417.143	-140.053	1193.78
356.624	533.258	1265.57	-438.829	-166.618	1213.05
373.799	542.163	1286.71	-453.894	-189.43	1228.75
385.488	548.888	1306.04	-462.001	-207.979	1239.36
389.386	552.393	1315.3	-464.179	-213.779	1242.07
390.563	554.443	1321.11	-465.301	-217.377	1243.15
390.639	555.513	1323.62	-465.699	-218.363	1243.33
390.094	557.48	1327.43	-465.968	-218.837	1243.36
388.277	560.472	1332.52	-465.968	-218.837	1243.36
385.659	563.353	1337.27	-465.968	-218.837	1243.36
384.219	564.363	1339.23	-465.968	-218.837	1243.36
384.219	564.363	1339.23	-465.968	-218.837	1243.36
384.219	564.363	1339.23	-465.968	-218.837	1243.36
384.219	564.363	1339.23	-465.968	-218.837	1243.36
************TIME_SERIES************
ClassID: 1
TimeSeriesLength: 29
TimeSeriesData: 
98.5986	146.508	1107.03	-55.6829	152.051	1108.45
96.1152	145.925	1106.08	-55.6829	152.051	1108.45
96.1152	145.925	1106.08	-64.1007	143.982	1108.68
100.526	154.91	1101.8	-93.9596	127.772	1108.94
121.031	182.275	1098.32	-136.258	101.417	1108.57
146.485	214.262	1100.18	-180.326	70.7271	1109.74
181.475	260.908	1109.29	-235.709	26.3737	1115.41
209.285	304.724	1121.57	-278.02	-7.96619	1124.44
235.021	349.957	1137.28	-320.181	-42.4019	1135.86
257.874	394.149	1156.79	-358.147	-78.3507	1151.88
278.358	437.651	1179.05	-391.86	-113.671	1170.81
304.22	480.889	1208.18	-422.239	-154.107	1194.35
324.823	507.102	1231.25	-439.848	-177.756	1210.61
345.94	524.932	1252.6	-453.662	-196.262	1224.84
361.173	533.965	1267.83	-461.521	-206.372	1233.51
373.251	539.733	1280.27	-466.461	-214.493	1240.11
382.936	543.693	1291.17	-468.962	-220.806	1244.39
387.595	545.938	1297.31	-469.758	-222.995	1245.73
390.483	547.849	1302.46	-469.758	-222.995	1245.73
391.48	548.918	1304.98	-469.758	-222.995	1245.73
391.736	549.36	1305.92	-469.758	-222.995	1245.73
391.736	549.36	1305.92	-469.758	-222.995	1245.73
391.736	549.36	1305.92	-469.758	-222.995	1245.73
391.736	549.36	1305.92	-469.758	-222.995	1245.73
391.736	549.36	1305.92	-469.758	-222.995	1245.73
391.736	549.36	1305.92	-469.758	-222.995	1245.73
391.736	549.36	1305.92	-469.758	-222.995	1245.73
391.736	549.36	1305.92	-469.758	-222.995	1245.73
391.736	549.36	1305.92	-469.758	-222.995	1245.73
************TIME_SERIES************
ClassID: 1
TimeSeriesLength: 31
TimeSeriesData: 
88.9405	145.479	1098.16	-72.7817	159.207	1113.03
86.8496	145.553	1097.99	-72.7817	159.207	1113.03
86.8496	145.553	1097.99	-72.7817	159.207	1113.03
95.926	166.545	1097.99	-97.3979	139.27	1114.11
118.514	199.287	1102.08	-137.581	114.793	1114.11
145.717	235.437	1109.3	-183.87	86.4258	1113.86
173.608	277.866	1119.73	-232.016	49.8929	1116
200.614	322.243	1131.39	-279.082	7.77799	1120.26
232.759	377.281	1147.69	-332.685	-52.0551	1130.52
257.151	420.925	1162.92	-371.69	-99.919	1143.93
287.747	464.786	1184.57	-413.471	-157.355	1168.66
312.415	491.559	1203.69	-442.016	-195.576	1192.62
338.796	510.857	1223.86	-465.609	-227.938	1217.83
361.811	521.797	1242.55	-476.036	-244.415	1233.22
381.603	529.969	1260.37	-481.063	-255.268	1243.39
397.515	537.345	1278.86	-482.395	-260.891	1248.18
404.595	542.287	1289.92	-482.642	-262.023	1249.05
408.145	545.936	1297.99	-482.768	-262.586	1249.44
408.381	546.821	1299.93	-482.97	-263.568	1249.91
408.024	547.654	1301.67	-483.019	-263.898	1250.01
406.248	549.045	1304.52	-483.124	-265.188	1250.15
404.6	550.118	1306.35	-483.124	-265.188	1250.15
403.059	551.016	1307.71	-483.124	-265.188	1250.15
403.059	551.016	1307.71	-483.124	-265.188	1250.15
403.059	551.016	1307.71	-483.124	-265.188	1250.15
403.059	551.016	1307.71	-483.102	-265.787	1250.09
403.059	551.016	1307.71	-483.102	-265.787	1250.09
403.059	551.016	1307.71	-483.102	-265.787	1250.09
403.059	551.016	1307.71	-483.102	-265.787	1250.09
403.059	551.016	1307.71	-483.102	-265.787	1250.09
402.726	551.052	1307.72	-483.102	-265.787	1250.09
************TIME_SERIES************
ClassID: 1
TimeSeriesLength: 25
TimeSeriesData: 
86.2217	151.007	1126.09	-53.7788	132.561	1121.92
78.3344	146.874	1122.6	-53.7788	132.561	1121.92
78.3344	146.874	1122.6	-53.7788	132.561	1121.92
82.105	153.222	1119.91	-88.0255	128.95	1120.41
108.098	188.326	1120.39	-133.376	113.132	1121.71
148.451	243.056	1131.67	-198.42	79.0442	1126.6
181.736	294.258	1145.56	-251.594	48.579	1133.48
213.376	347.067	1161.35	-303.084	14.5454	1141.84
238.85	398.082	1178.27	-347.573	-27.632	1151.57
260.519	447.154	1196.26	-386.93	-75.6292	1161.56
289.206	488.085	1215.54	-425.047	-141.67	1173.65
313.584	508.82	1231.09	-449.245	-194.437	1183.19
338.112	520.697	1246.97	-467.652	-244.897	1192.34
352.402	528.104	1262.69	-475.325	-278.342	1199.67
360.288	534.094	1276.72	-477.566	-299.995	1205.08
362.648	538.206	1286.96	-476.852	-307.957	1207.43
361.886	540.19	1290.78	-476.852	-307.957	1207.43
359.325	542.557	1294.42	-476.852	-307.957	1207.43
357.531	543.575	1295.89	-476.852	-307.957	1207.43
357.148	543.736	1296.12	-477.712	-303.026	1209.25
357.148	543.736	1296.12	-480.092	-289.537	1213.16
357.128	543.743	1296.13	-481.576	-279.307	1215.68
357.072	543.76	1296.15	-482.246	-270.78	1217.51
356.941	543.81	1296.21	-482.447	-265.692	1218.56
355.881	544.228	1296.65	-482.519	-262.238	1219.25
************TIME_SERIES************
ClassID: 1
TimeSeriesLength: 28
TimeSeriesData: 
91.7839	174.764	1158.29	-42.275	168.958	1145.3
90.0184	173.724	1157.56	-42.275	168.958	1145.3
90.0184	173.724	1157.56	-42.275	168.958	1145.3
97.2227	180.416	1155.59	-59.0773	162.462	1143.56
125.327	208.712	1158.6	-96.6053	149.848	1140.23
157.716	249.277	1172.27	-142.703	127.58	1135.23
188.042	296.087	1193.47	-189.103	100.22	1130.91
220.667	361.329	1230.51	-248.493	59.8248	1127.52
243.765	417.488	1265.53	-296.228	24.8443	1127.12
266.487	472.747	1299.78	-344.381	-15.7634	1127.24
292.374	516.19	1326.09	-386.993	-67.3731	1128.72
316.866	549.353	1348.79	-422.587	-120.137	1131.98
336.522	572.252	1372.07	-449.76	-175.802	1138.27
341.876	583.146	1387.74	-461.095	-204.582	1143.24
342.035	591.612	1401.92	-466.285	-222.503	1146.94
341.041	594.079	1405.7	-467.517	-227.369	1147.66
341.041	594.079	1405.7	-468.339	-231.736	1147.95
341.041	594.079	1405.7	-469.47	-238.676	1148.17
341.041	594.079	1405.7	-470.448	-243.692	1148.45
341.041	594.079	1405.7	-471.279	-247.172	1148.86
341.041	594.079	1405.7	-471.279	-247.172	1148.86
341.041	594.079	1405.7	-471.279	-247.172	1148.86
341.041	594.079	1405.7	-471.279	-247.172	1148.86
341.041	594.079	1405.7	-471.279	-247.172	1148.86
341.041	594.079	1405.7	-471.279	-247.172	1148.86
341.041	594.079	1405.7	-471.279	-247.172	1148.86
341.041	594.079	1405.7	-471.279	-247.172	1148.86
341.041	594.079	1405.7	-471.279	-247.172	1148.86
************TIME_SERIES************
ClassID: 1
TimeSeriesLength: 29
TimeSeriesData: 
88.5651	148.719	1124.62	-21.698	166.169	1131.94
88.5651	148.719	1124.62	-21.698	166.169	1131.94
88.5651	148.719	1124.62	-26.3148	163.526	1133.12
91.862	152.479	1125.17	-69.8923	142.992	1133.29
123.404	188.674	1132.46	-109.147	124.643	1131.06
161.667	233.223	1143.28	-156.289	102.149	1125.92
206.21	291.504	1161.75	-212.231	62.9862	1117.45
248.526	352.781	1184.75	-268.274	13.9819	1109.19
294.299	425.74	1219.12	-325.387	-55.7379	1104.57
323.329	478.557	1250.7	-360.093	-104.979	1105.51
349.002	519.614	1281.95	-386.181	-146.012	1109.27
364.782	541.767	1309.25	-402.285	-170.375	1113.89
376.559	557.371	1335.71	-415.763	-190.917	1119.13
383.663	571.058	1363.81	-426.637	-209.989	1123.51
385.398	579.846	1381.92	-432.296	-219.448	1124.78
384.702	584.884	1393.76	-435.488	-224.977	1124.88
382.86	587.412	1400.87	-435.488	-224.977	1124.88
381.416	587.896	1404.09	-435.488	-224.977	1124.88
379.356	587.763	1407.32	-435.488	-224.977	1124.88
378.422	587.557	1408.32	-435.488	-224.977	1124.88
376.677	587.306	1409.61	-435.488	-224.977	1124.88
375.62	587.198	1410.04	-435.488	-224.977	1124.88
374.573	587.016	1410.22	-435.488	-224.977	1124.88
372.57	586.501	1410.28	-435.488	-224.977	1124.88
370.814	586.113	1410.37	-435.488	-224.977	1124.88
368.534	585.717	1410.48	-435.488	-224.977	1124.88
367.093	585.44	1410.39	-435.488	-224.977	1124.88
365.38	585.024	1409.95	-435.488	-224.977	1124.88
363.462	584.513	1409.09	-435.488	-224.977	1124.88
************TIME_SERIES************
ClassID: 1
TimeSeriesLength: 26
TimeSeriesData: 
82.6061	153.038	1133.92	-58.1036	154.236	1135.78
82.6061	153.038	1133.92	-58.1036	154.236	1135.78
86.3927	155.935	1131.22	-66.5331	153.433	1134.76
114.73	184.101	1127.68	-109.962	136.995	1127.01
145.342	219.055	1132.32	-159.458	110.124	1115.8
177.231	260.241	1143.21	-210.706	73.6701	1101.92
208.886	314.95	1165.99	-255.468	25.8462	1089.45
236.472	373.164	1195.31	-293.076	-27.1926	1080.03
265.257	441.472	1236.62	-323.065	-98.1383	1074.98
282.987	490.366	1271.01	-338.187	-151.49	1076.45
303.974	532.307	1310.34	-349.583	-210.05	1084.53
318.847	555.553	1339.68	-358.842	-244.771	1093.37
332.837	570.807	1366.42	-367.985	-268.392	1102.02
339.587	578.572	1383.74	-371.937	-272.831	1104.62
342.424	582.117	1393.83	-373.355	-273.293	1105.33
342.424	582.117	1393.83	-376.684	-271.949	1106.48
342.424	582.117	1393.83	-382.465	-266.507	1107.76
342.424	582.117	1393.83	-387.248	-259.685	1108.4
342.424	582.117	1393.83	-390.134	-254.743	1108.93
342.424	582.117	1393.83	-392.372	-250.751	1109.46
342.424	582.117	1393.83	-393.63	-248.559	1109.91
342.424	582.117	1393.83	-393.63	-248.559	1109.91
340.564	581.186	1393.29	-393.63	-248.559	1109.91
337.931	580.094	1392.53	-393.63	-248.559	1109.91
335.175	579.059	1391.64	-394.65	-247.189	1111.02
334.488	578.785	1391.42	-397.437	-244.272	1113.85